1000
1.0e+10 0.000000 0.000000 0.000000 0.000000
2.2e+09 -0.782609 26.941369 -0.167793 -0.468176
4.0e+09 -2.081647 -33.826840 0.096864 0.136688
7.1e+09 37.821623 -0.075503 0.356974 -0.156581
7.9e+09 -14.565133 -3.077209 -0.492032 0.154043
6.4e+09 -6.510565 6.769444 -0.135961 -0.166734
4.1e+09 14.894495 24.175905 -0.178720 0.416665
5.1e+09 6.642153 0.537513 0.305372 0.479510
4.7e+09 -22.896547 38.618434 0.230791 -0.490576
2.3e+09 19.523391 -44.936374 -0.432309 0.051499
7.1e+09 -34.942493 16.252156 -0.355066 -0.301326
5.3e+09 35.682713 -8.762484 0.161413 0.403245
5.1e+09 -36.607324 17.528652 0.499303 0.351752
4.6e+09 16.052889 10.708044 0.189718 -0.094908
5.2e+09 -24.663642 -7.876709 -0.052354 0.021075
7.7e+09 34.450448 -34.225315 -0.026551 -0.106332
3.3e+09 15.908400 11.642424 -0.286779 -0.150801
7.1e+09 -21.767370 -0.710644 0.431407 -0.216788
2.3e+09 -5.492505 14.809587 -0.233869 0.306353
4.9e+09 14.652799 -3.835899 0.101813 -0.159960
7.0e+09 3.271369 10.326574 -0.489971 -0.287224
3.6e+09 -15.506995 40.260905 0.391562 -0.367170
5.2e+09 -44.547668 1.267363 0.233253 0.073651
5.1e+09 4.216864 7.073947 0.196380 -0.253375
3.9e+09 -18.173217 -4.661235 0.490600 0.091813
4.9e+09 -3.150674 -34.930104 -0.235142 -0.114024
5.1e+09 7.557856 -19.294892 -0.052338 -0.155859
6.0e+09 2.379108 -28.057945 0.405401 0.370293
7.6e+09 9.918746 -1.193478 -0.467397 -0.359758
4.1e+09 1.227036 10.141709 -0.247182 0.399889
2.8e+09 -8.881733 1.186150 -0.253792 0.144814
2.2e+09 -15.435412 -3.354398 -0.335204 -0.134016
7.3e+09 30.651555 12.927421 -0.380026 -0.268985
3.5e+09 7.151325 3.252442 0.361338 -0.165544
6.0e+09 -20.711879 38.927905 -0.173039 0.098376
6.7e+09 -21.711487 43.267110 -0.455959 0.373283
6.4e+09 15.699325 8.807177 -0.346100 0.348589
6.2e+09 8.829441 -4.272221 0.019223 -0.351801
4.4e+09 32.180274 -33.940698 -0.397404 0.265125
6.3e+09 8.045937 23.099299 -0.316495 -0.217858
6.2e+09 8.377003 -12.513209 0.011605 -0.252450
2.8e+09 23.347671 9.859811 0.412132 -0.117475
6.0e+09 -0.942358 43.256454 0.279250 -0.127465
3.0e+09 5.001148 13.853179 -0.328663 -0.017023
6.7e+09 -0.378332 10.233470 -0.384506 0.380871
6.2e+09 24.718264 22.656550 0.069926 -0.254636
7.5e+09 36.881623 -32.865881 -0.369911 -0.319663
5.5e+09 -19.558198 19.274187 0.050629 -0.019233
6.6e+09 -35.302505 -24.450219 -0.417326 -0.315363
7.6e+09 -0.556337 21.819127 0.427314 -0.459340
3.1e+09 -7.346582 6.769407 0.091504 0.151656
3.3e+09 -6.126716 15.341570 -0.451217 0.403334
5.2e+09 -12.745304 11.294570 0.095771 -0.039984
3.5e+09 11.941820 15.745526 0.164545 -0.141309
2.8e+09 -6.481774 -10.312986 0.497960 -0.437164
2.1e+09 5.676652 -2.105203 0.073214 -0.089221
7.6e+09 -7.620662 -12.884330 -0.467003 -0.147601
3.0e+09 16.202629 13.048613 -0.034647 -0.212265
4.7e+09 19.180231 28.664500 0.240611 -0.070467
5.7e+09 41.394959 -22.466828 -0.329291 -0.447051
3.6e+09 -10.004270 26.105667 -0.325023 -0.092626
2.1e+09 7.461554 -8.415614 0.124774 -0.308976
6.5e+09 -0.742544 -13.079919 0.248397 0.161678
2.9e+09 -9.599766 5.159891 -0.111927 0.009240
5.7e+09 36.105934 8.734860 -0.101252 -0.032116
7.2e+09 3.706031 49.129630 0.035160 0.159368
7.5e+09 1.154241 4.920504 -0.430735 -0.091590
4.3e+09 17.136528 31.649283 0.079626 -0.162159
5.2e+09 -3.740676 4.247227 0.051750 0.038988
4.4e+09 -6.753616 42.135282 0.420599 0.018717
4.5e+09 40.098347 -20.746048 0.104245 -0.273200
6.3e+09 -16.214163 -26.248065 0.486030 -0.475164
6.0e+09 9.282927 -4.329858 0.369198 -0.476693
2.3e+09 26.253274 -24.904707 0.410890 0.470611
7.6e+09 -37.032790 24.681906 -0.184359 -0.392604
3.4e+09 5.385764 5.950245 0.404944 0.117047
3.4e+09 -7.586893 26.880868 0.031546 0.238372
6.6e+09 -9.101154 25.769133 -0.006429 0.081493
6.3e+09 -3.858798 -28.421053 -0.445255 0.168428
5.8e+09 12.124292 -28.892790 -0.268619 0.493230
5.3e+09 -35.150729 -11.804123 0.191329 0.218896
4.8e+09 45.909169 1.969310 0.142505 0.063810
7.7e+09 -12.712050 -41.520992 0.448613 0.000722
6.7e+09 36.729931 -16.047315 -0.162881 0.231065
6.2e+09 -7.567792 16.318850 -0.310972 0.325831
5.2e+09 -14.734779 -23.952338 -0.006718 0.358768
5.7e+09 9.605982 -28.717674 -0.212859 -0.207019
5.1e+09 -10.572768 1.551968 -0.497700 -0.444341
6.4e+09 -25.676039 -21.247006 0.205542 -0.220489
4.5e+09 -32.727738 -15.191621 0.181213 0.115535
4.7e+09 11.392145 35.379905 0.105769 -0.242779
5.5e+09 -36.654916 -4.086275 0.267115 -0.328185
5.9e+09 42.896109 -14.211831 -0.411607 -0.303011
4.0e+09 -9.353921 4.875422 0.193899 -0.222181
4.8e+09 21.606421 15.473849 0.473317 0.054373
4.3e+09 -19.505135 13.821831 0.056014 0.026465
4.8e+09 -6.472363 6.485177 0.368362 -0.020731
7.0e+09 17.053893 15.893209 0.461969 0.395170
2.5e+09 0.641502 -5.329835 0.390318 -0.121851
3.8e+09 46.267250 -1.367442 0.071471 -0.373783
5.1e+09 -46.524165 7.559382 -0.053483 0.052650
3.6e+09 20.440972 30.044261 -0.100300 -0.014771
4.6e+09 -16.490967 -6.400284 -0.131895 -0.025828
2.1e+09 25.071010 4.807931 0.129847 -0.297389
7.2e+09 -5.597829 3.935199 0.016397 -0.233966
5.5e+09 -20.842460 35.771065 -0.111728 -0.157355
7.4e+09 -45.138920 -14.868865 0.350752 0.429953
4.8e+09 10.166711 -4.284513 0.001169 -0.458604
2.7e+09 20.344047 3.872223 0.409361 0.130963
3.0e+09 -26.806241 -14.432585 -0.146928 0.072612
2.4e+09 0.087187 -11.966096 0.337586 0.114612
7.3e+09 3.496072 -24.140725 0.385068 -0.249839
7.8e+09 39.648102 14.416585 0.181248 0.071288
3.1e+09 10.167118 27.282504 0.380732 0.211477
4.4e+09 5.026857 -0.651494 0.072182 -0.095286
5.2e+09 19.167320 9.055841 0.043891 -0.132592
4.7e+09 -1.805358 -8.174885 -0.496349 0.284033
6.8e+09 -36.965808 10.905862 -0.254977 0.362796
5.8e+09 -7.720942 -27.622369 -0.458849 -0.247369
6.0e+09 3.186825 -20.199371 -0.104599 0.102642
5.8e+09 -35.585056 -19.500972 -0.226409 0.093392
3.0e+09 -21.446670 24.513174 -0.156411 -0.241544
6.1e+09 38.585783 25.958457 0.375296 0.174979
7.7e+09 34.635159 6.742621 0.219733 0.089998
7.4e+09 15.334200 13.846300 0.173164 0.393228
6.7e+09 1.931764 -22.050408 -0.334842 0.347355
6.9e+09 31.398331 -23.773267 0.339094 -0.381474
2.6e+09 -29.879508 -9.069400 0.361038 -0.066983
6.6e+09 -28.157794 4.564999 0.225238 -0.299017
7.5e+09 -15.326249 -0.892708 0.465591 0.145157
7.3e+09 -34.907248 -35.621205 -0.015905 0.088030
5.6e+09 -9.187490 -1.199743 0.000891 0.174587
5.4e+09 43.051246 10.825058 0.178975 -0.122829
3.4e+09 -32.614183 -2.061345 -0.390323 0.191819
7.1e+09 -41.998602 17.592471 -0.189659 0.355554
8.0e+09 -19.511181 0.578463 -0.272756 -0.138252
6.4e+09 20.862530 32.712896 -0.477816 0.285450
5.7e+09 19.548334 45.229136 0.115943 0.130959
6.7e+09 -1.268012 -14.382715 0.175181 -0.313965
2.8e+09 -27.987637 13.064269 -0.402182 0.316089
7.3e+09 15.643994 -1.031017 -0.401599 0.052679
4.5e+09 5.273730 3.132998 0.301057 -0.209117
6.1e+09 -12.244190 10.966948 -0.301479 -0.277401
6.9e+09 -46.569166 -8.689501 0.140387 -0.396016
3.5e+09 3.574225 -40.996494 -0.187331 0.134403
2.8e+09 -8.909938 -0.166944 0.393479 0.153497
6.8e+09 4.418357 24.212223 0.399226 0.285933
2.3e+09 -9.262419 -0.279829 0.143121 -0.144394
7.7e+09 15.677699 40.071388 -0.017446 0.344135
4.1e+09 13.344678 43.122621 -0.296031 -0.221450
7.4e+09 6.982758 -36.288646 -0.488314 0.048594
5.3e+09 -9.900965 17.338015 0.256101 0.028762
3.5e+09 9.763574 1.868983 0.081131 -0.057723
5.2e+09 3.965638 -44.372567 0.190988 -0.409665
5.5e+09 -18.170653 -31.735358 0.347402 0.229414
3.1e+09 -34.520405 -25.719458 -0.050869 -0.100984
2.4e+09 -32.935476 21.695947 0.299159 -0.381344
3.8e+09 -32.324276 -6.131710 -0.199262 -0.221458
2.4e+09 -38.922608 -4.760007 0.448540 -0.004518
7.1e+09 -11.466776 14.079338 0.110386 -0.499431
3.6e+09 11.304920 -6.523175 -0.016424 0.288482
6.0e+09 31.807455 -5.858013 -0.101451 -0.489756
4.8e+09 35.561363 -25.016946 0.261156 0.315798
5.9e+09 1.696624 35.064860 -0.027783 0.269949
2.8e+09 35.263668 34.903743 0.303925 -0.077080
6.6e+09 -0.493707 10.297547 -0.039099 -0.123776
3.5e+09 43.689235 -10.246447 -0.071066 0.269101
3.1e+09 -6.013541 12.486035 0.220987 -0.196699
5.9e+09 -3.247420 -27.383384 -0.195747 -0.407598
7.9e+09 -17.614248 31.205989 -0.003149 0.177182
6.0e+09 43.309569 23.561305 -0.057818 0.492104
5.8e+09 -31.300916 -0.329562 0.220967 -0.198981
3.6e+09 8.369868 2.504751 0.115319 -0.350626
3.4e+09 -12.111926 1.122964 0.403511 -0.312847
4.5e+09 11.936691 -24.802847 -0.445258 0.436146
2.1e+09 -29.889533 -25.730614 -0.152462 0.359854
4.0e+09 28.970594 -32.787113 0.002948 0.218343
6.6e+09 -10.266070 -20.173067 0.385133 -0.338372
6.9e+09 -10.679905 -11.924599 0.354403 -0.454085
6.3e+09 -20.431390 6.999972 -0.328313 0.382502
4.0e+09 22.868388 22.758886 0.016695 0.032139
7.0e+09 -31.204021 -9.839385 0.054060 -0.434437
7.2e+09 -26.880208 -4.565936 -0.235633 0.298059
4.4e+09 7.501557 10.847074 -0.249300 -0.265316
6.1e+09 -11.215771 33.511898 -0.485820 0.138733
2.1e+09 5.097313 17.364430 0.239798 0.378564
6.9e+09 -38.825046 4.308688 -0.445006 -0.394420
8.0e+09 4.582417 -35.558960 0.370534 -0.491956
5.5e+09 5.711072 -0.715086 0.164278 0.201130
4.1e+09 -32.760990 -19.440613 0.426818 -0.385904
5.6e+09 34.970209 32.017912 -0.090345 -0.292748
2.5e+09 7.323577 -19.179800 -0.063679 0.281543
7.0e+09 37.694031 -3.302561 -0.115729 -0.470949
7.6e+09 7.679407 -3.796373 -0.356405 -0.082919
6.1e+09 -32.296309 -31.984517 0.330051 0.012544
8.0e+09 6.684756 32.218201 -0.469956 -0.358240
4.6e+09 22.010633 37.579600 0.373302 -0.140003
2.3e+09 28.901868 -25.580762 0.007404 -0.207761
7.9e+09 14.609113 -30.863713 -0.328998 0.083623
5.4e+09 -11.722526 -15.222007 0.362154 0.177731
3.9e+09 32.590808 31.089549 -0.250525 0.340750
3.8e+09 17.837041 -19.938588 -0.057124 0.358811
6.6e+09 2.839632 -13.680589 0.127973 0.166769
4.9e+09 -4.460272 7.907130 -0.388116 0.008051
6.2e+09 3.136366 -46.748828 -0.325019 0.335505
7.8e+09 -5.964911 -11.604999 0.488660 -0.383092
3.5e+09 14.971982 -28.310289 -0.193556 0.268021
4.8e+09 -19.524775 -19.383650 0.328285 -0.395770
4.2e+09 28.949291 34.750602 -0.193661 -0.439432
3.7e+09 -0.467496 -30.362350 0.224619 -0.282728
2.2e+09 29.745527 14.087564 0.325478 0.378637
4.4e+09 29.720967 -15.532216 0.329145 0.259929
5.7e+09 -14.614507 22.731963 -0.074066 0.359659
3.3e+09 -28.977506 -18.533714 0.360105 0.475494
2.3e+09 -0.993857 -47.863359 0.283446 0.283526
3.9e+09 -7.262417 -16.793419 -0.244270 0.474494
6.2e+09 -41.968220 -27.156926 0.367351 -0.222803
5.1e+09 -8.162174 10.059922 -0.018170 0.019321
2.5e+09 14.996015 40.415633 0.049856 -0.488132
7.6e+09 -32.142992 -10.241908 0.256206 -0.462489
4.1e+09 17.666028 -8.535045 0.185809 -0.049692
3.1e+09 -11.229913 33.008627 0.062140 0.411956
6.6e+09 21.901981 -42.598844 -0.206709 -0.287037
2.4e+09 19.214498 43.912726 0.074880 -0.422378
6.3e+09 -25.759243 -12.272791 0.344240 -0.033070
6.9e+09 27.640037 -2.890016 0.063012 0.492249
2.7e+09 -13.869044 -20.337005 -0.451703 0.149973
7.7e+09 0.020174 5.413632 0.128468 -0.439658
2.4e+09 35.681353 9.622785 0.350675 0.253377
6.9e+09 -5.547736 -4.873550 0.141592 -0.147211
4.2e+09 -6.393537 16.129571 0.018698 0.280522
6.6e+09 -8.868614 -3.979548 0.280638 -0.138917
2.6e+09 11.217043 2.339262 0.183245 0.233700
7.6e+09 34.273614 -32.041243 0.427353 -0.310497
3.4e+09 18.887192 -39.664711 0.431448 0.098878
2.7e+09 11.696780 -46.119815 -0.289772 -0.112322
6.3e+09 3.600058 39.390628 -0.297236 -0.096914
4.7e+09 19.731941 -3.110987 -0.021122 0.268303
4.0e+09 42.039420 -5.168080 0.308283 -0.298924
7.7e+09 -3.716950 -6.252600 0.184752 0.384685
3.0e+09 -35.485233 13.112030 0.279311 0.228462
4.5e+09 -10.273010 -10.260640 0.196366 0.075996
2.5e+09 44.900276 -0.594770 0.304739 -0.004384
7.1e+09 -12.846301 -42.388219 0.385354 0.379485
8.0e+09 -19.827363 -10.204733 -0.067923 0.155228
4.4e+09 42.855406 10.265068 0.231960 0.118062
4.2e+09 -23.403831 26.610620 -0.496650 0.186228
3.1e+09 13.173450 -5.963606 -0.459265 -0.451343
6.4e+09 -37.247193 6.774717 0.425542 -0.057652
7.7e+09 8.090010 -45.283133 0.194977 -0.496108
6.4e+09 -46.056684 -18.620173 0.033748 -0.288302
4.5e+09 5.984913 -0.824408 -0.048566 0.473384
2.8e+09 -38.734010 -19.884856 0.403873 -0.223412
5.2e+09 35.688324 -34.312873 -0.350983 -0.054604
3.2e+09 -0.737627 -38.668245 -0.219447 -0.462703
6.3e+09 -12.929974 -6.510643 -0.041490 -0.157561
7.4e+09 -9.888377 46.849171 0.155993 0.380628
5.3e+09 -28.335960 -10.167578 0.000169 0.113642
6.6e+09 -11.247623 8.871685 0.055248 0.222396
7.1e+09 -13.340595 7.908013 0.217232 0.013383
6.0e+09 0.465668 7.774145 0.089078 -0.255441
4.1e+09 8.307340 11.879732 -0.473176 -0.104273
2.3e+09 -6.915952 4.606332 -0.447825 -0.248962
5.5e+09 7.929553 13.773200 -0.378082 -0.026861
4.6e+09 6.199478 3.226995 -0.242208 -0.231461
2.1e+09 -0.138436 -43.426848 0.140432 -0.309447
6.2e+09 -3.385504 35.028002 -0.253109 0.254514
7.8e+09 -21.563681 41.270161 0.423740 -0.498908
2.8e+09 3.812067 -5.996173 0.187304 0.338752
6.1e+09 14.218777 -46.309842 0.179866 0.388719
4.2e+09 23.579553 -6.918048 -0.366509 -0.228028
7.0e+09 0.487122 9.292942 0.438957 0.435259
3.5e+09 4.812590 1.435118 0.104891 -0.366257
6.9e+09 9.628187 -38.385379 -0.117796 -0.491493
6.7e+09 -15.733644 8.168928 0.390489 -0.355230
6.5e+09 8.365444 -16.849940 0.385163 0.173457
2.7e+09 16.680786 4.288676 -0.320939 0.326466
2.3e+09 -0.970765 8.103181 -0.018304 -0.286296
3.3e+09 34.663270 6.084073 0.444559 -0.240602
6.5e+09 -2.203601 -13.895337 -0.320629 0.026295
3.8e+09 12.492221 11.778149 0.398580 0.048408
3.1e+09 7.087937 -34.945173 0.012045 0.496465
5.9e+09 -19.832391 26.497500 -0.155565 -0.367463
5.1e+09 6.391521 4.443577 0.176282 0.447242
6.2e+09 17.301670 -28.937941 0.100027 -0.448453
6.1e+09 -6.345281 -3.725527 -0.089348 0.344298
7.9e+09 0.748754 7.947993 -0.208085 -0.198630
7.8e+09 -8.456218 42.756920 -0.498698 -0.222617
3.6e+09 -3.596014 -5.819183 0.038634 0.177109
3.3e+09 -16.943304 17.505532 0.278092 0.084878
4.9e+09 11.239951 -1.318053 0.143836 0.311272
2.3e+09 23.159981 22.660580 -0.108182 -0.272110
3.3e+09 6.380022 3.163638 -0.071197 -0.309481
7.4e+09 1.453112 -16.155915 0.395642 -0.303887
3.8e+09 2.176504 11.803382 0.190950 0.479671
6.1e+09 1.590251 -8.093743 -0.242189 -0.049450
4.3e+09 -41.826227 18.760098 0.014424 -0.073363
7.0e+09 -17.433097 6.324225 0.296179 0.303843
6.0e+09 -4.521461 -9.005535 -0.462614 0.368020
2.7e+09 -45.392058 16.180617 0.162452 0.052324
4.8e+09 2.182827 18.655876 -0.262277 0.482606
3.2e+09 -4.463205 8.043513 -0.469833 -0.361930
3.2e+09 2.957095 5.490362 0.004468 0.220834
7.2e+09 3.357937 -20.724565 -0.047738 0.179371
7.2e+09 -35.023492 3.069621 0.142169 0.166467
7.3e+09 -4.560412 -41.876109 -0.493233 0.097221
7.4e+09 6.228926 -34.517576 0.253876 0.465638
6.8e+09 -11.405522 -0.709032 -0.097128 -0.251782
2.3e+09 11.300024 -9.866158 -0.035344 0.209695
2.6e+09 -14.923819 14.368955 0.413519 0.401451
3.0e+09 -46.919535 -4.829180 0.141118 0.039153
3.8e+09 -1.464086 -11.445652 0.495844 -0.047998
3.5e+09 -5.243926 -10.816696 -0.463315 -0.142142
4.5e+09 -27.541995 -17.884217 -0.088993 0.090749
7.0e+09 -18.801878 32.610266 -0.095671 0.009656
3.8e+09 8.633969 15.269775 -0.418162 -0.300783
5.0e+09 1.618203 12.421443 -0.323653 0.328958
6.2e+09 8.993520 12.144566 0.344344 0.196932
3.5e+09 31.450514 -7.234390 0.255571 0.139745
2.9e+09 -28.780044 -7.107632 -0.289893 0.098733
4.2e+09 -25.181771 18.261857 -0.170780 -0.347279
5.0e+09 -8.353656 27.712815 0.412083 0.052969
6.2e+09 -11.469308 -8.897802 0.411974 -0.001158
3.7e+09 36.018754 -19.312272 0.071569 0.176343
7.4e+09 -40.975550 -20.338302 0.271467 0.376751
5.8e+09 8.664997 -25.246052 0.485755 0.464095
6.0e+09 23.306137 -8.159538 0.348987 -0.215636
2.7e+09 23.825186 20.221630 -0.148414 0.155054
6.5e+09 8.363950 6.810138 0.368469 0.417553
5.6e+09 -1.584487 44.965319 0.064534 0.349880
6.9e+09 40.687297 26.435964 0.254524 -0.281839
6.8e+09 13.023969 -1.790579 -0.326995 -0.311027
7.9e+09 6.420005 23.439570 -0.405453 -0.413192
4.2e+09 8.891543 -13.724876 -0.103827 -0.345176
2.2e+09 10.611431 7.822236 0.497551 -0.379226
7.7e+09 24.100008 -43.268577 0.353588 0.423397
5.7e+09 39.836020 23.808428 0.128160 -0.262101
2.9e+09 -32.439238 -31.273588 0.157724 -0.457919
7.4e+09 -4.557321 -3.758123 -0.375474 0.006453
4.2e+09 -6.598665 -3.167235 -0.189060 0.102038
4.2e+09 -9.421465 -20.769232 0.188896 0.078808
6.5e+09 -7.056376 -30.021920 -0.395924 -0.051095
4.1e+09 -30.261000 9.490733 0.068774 -0.081209
3.1e+09 16.105143 3.466824 -0.436368 0.458840
4.7e+09 -23.348091 -30.152075 -0.302992 -0.115651
2.7e+09 -8.966532 20.848352 0.000673 -0.474035
5.4e+09 -10.714441 -8.976889 0.212334 -0.155958
7.1e+09 10.654994 16.510121 0.156410 -0.411504
4.6e+09 -43.066140 11.502593 0.025999 -0.228321
6.3e+09 -37.962880 28.202404 -0.163488 -0.294153
4.6e+09 -28.673441 -34.103697 -0.110976 0.059616
2.8e+09 -15.659742 13.284974 0.429953 0.288194
7.0e+09 -33.192430 1.747466 -0.411249 0.454091
4.7e+09 40.491801 21.315052 0.277433 -0.054837
3.5e+09 -21.476348 -7.618984 -0.201344 0.223223
5.0e+09 45.277685 -9.711363 -0.291395 0.235989
5.0e+09 -8.184592 19.656925 0.147912 -0.034892
6.2e+09 1.959070 47.514851 -0.372260 0.057267
7.9e+09 -16.668340 -19.767848 -0.121297 0.433119
6.8e+09 1.346313 -8.514235 0.150757 -0.200707
6.2e+09 -8.204884 -4.664331 0.491437 -0.039486
2.9e+09 -43.895629 -19.161005 0.044316 0.250353
7.3e+09 -21.372192 -4.212180 -0.485802 -0.077901
2.8e+09 -4.509204 -45.718334 -0.044738 0.254359
2.0e+09 -22.089869 -1.961806 -0.429917 0.317119
4.8e+09 5.807705 -11.291792 -0.007109 -0.030191
5.8e+09 35.898661 -29.051074 -0.175631 -0.352067
4.4e+09 26.859825 -0.316706 -0.479729 0.026061
6.2e+09 -2.275754 20.533005 0.227553 -0.301022
4.1e+09 24.589621 -12.047069 -0.084206 0.103999
7.3e+09 13.560909 2.773337 -0.081439 0.427896
7.6e+09 37.662221 -8.195592 -0.047554 -0.238673
6.6e+09 -5.130294 5.241738 0.046755 -0.321849
5.1e+09 39.225156 7.885976 -0.466243 0.190948
7.3e+09 8.472401 -12.436925 0.082402 -0.327547
7.6e+09 0.256766 -20.129281 0.087815 -0.380960
6.0e+09 -12.801416 -39.720559 0.380731 -0.172029
6.8e+09 7.365312 9.353040 -0.080729 0.022632
3.5e+09 -3.125926 -4.539052 0.071688 -0.467688
5.5e+09 -12.235359 -2.665338 -0.364065 -0.421264
4.1e+09 -13.132224 -11.187051 -0.182924 -0.336373
3.7e+09 -37.199461 -15.228865 -0.064275 0.244244
6.3e+09 -10.708296 12.784365 -0.331298 -0.069118
3.5e+09 -17.970883 28.051106 0.078596 -0.300752
2.7e+09 -25.229379 -3.480277 -0.099194 -0.173721
6.1e+09 22.022408 10.520461 -0.104861 0.105175
7.5e+09 0.447187 32.405719 0.256181 -0.078533
4.5e+09 2.534804 8.401456 -0.006948 -0.096152
5.7e+09 -25.465974 -8.555677 0.092585 -0.289215
2.9e+09 26.640434 -5.681421 -0.458545 -0.451827
7.2e+09 14.518121 24.436076 0.035681 -0.011458
6.4e+09 -23.276223 -4.247540 0.237645 0.111838
2.6e+09 36.549245 30.032828 0.224639 0.305242
6.1e+09 -8.389938 -13.367437 -0.303574 0.390316
6.3e+09 24.751293 6.535228 0.190494 0.017816
2.7e+09 -7.012789 -25.049723 0.184865 0.445606
2.4e+09 9.359313 33.054914 -0.389521 0.447091
5.2e+09 -13.698497 -6.273183 -0.223628 0.267551
2.8e+09 38.138020 1.206078 0.451114 0.131941
5.2e+09 7.874561 -45.014847 0.010588 0.084389
6.7e+09 -3.707031 15.266614 -0.191470 0.426815
3.8e+09 -12.949524 14.115012 -0.240799 -0.392514
5.0e+09 36.718957 3.417864 -0.328582 -0.340876
4.1e+09 -1.374767 -33.897779 0.204828 -0.160500
4.7e+09 6.325054 -28.305037 -0.233378 -0.323901
2.6e+09 2.785987 9.047117 -0.465765 -0.106247
3.5e+09 36.779546 -22.255645 0.049086 0.123084
6.8e+09 7.482885 -10.065198 -0.489181 0.487833
3.1e+09 -0.338270 10.688006 0.071740 0.129074
4.1e+09 38.686502 30.416008 -0.363403 -0.191378
5.1e+09 21.702600 -12.984186 -0.253190 -0.164367
5.7e+09 38.197908 -25.343394 0.101562 -0.151860
2.3e+09 12.702282 -6.150487 0.085227 -0.305656
5.3e+09 -45.277429 -20.802229 0.495410 0.042919
4.1e+09 4.401760 -33.325000 -0.022290 0.001096
7.3e+09 11.187740 -18.062495 -0.110119 0.228656
3.9e+09 -23.605546 35.101924 0.120977 0.142388
4.7e+09 49.146990 -6.475032 0.092475 0.454002
3.4e+09 -22.533069 -6.396116 0.033252 -0.010325
2.8e+09 -10.533394 -27.250331 0.279959 0.319030
4.7e+09 -44.231325 15.701193 -0.219406 -0.116883
4.9e+09 -8.529005 -2.188506 0.441080 -0.486754
2.6e+09 25.055360 16.519814 0.110360 -0.391126
2.0e+09 23.071445 25.847769 -0.384264 -0.314747
3.9e+09 -2.317706 -8.626291 0.040476 -0.425581
4.4e+09 -8.217139 3.387930 -0.059330 0.257679
6.3e+09 11.113526 10.272369 -0.181997 -0.212422
7.6e+09 -10.067858 -6.232165 0.056863 -0.431620
8.0e+09 9.884496 3.357413 -0.413953 -0.488056
6.9e+09 5.596467 13.294825 0.417016 0.048407
4.1e+09 -31.975555 12.201249 0.166119 0.255624
4.6e+09 -7.281993 7.971499 -0.018022 0.017090
6.1e+09 -1.409573 -13.280137 0.342202 -0.478304
4.6e+09 -8.956363 9.288493 0.270683 0.190147
6.4e+09 -26.230819 25.893864 0.416002 -0.180789
3.0e+09 2.061074 43.165219 -0.209128 -0.040864
2.4e+09 -48.411521 5.169550 -0.056448 0.466814
7.1e+09 -35.049294 23.641672 0.150180 0.443176
3.5e+09 -13.809862 -32.125722 0.104354 -0.199923
3.7e+09 -36.682879 -2.699714 -0.128206 0.141484
4.0e+09 -11.654664 -35.722144 0.096360 0.327578
6.5e+09 -19.097893 2.844014 -0.472345 0.315917
5.2e+09 8.906978 -5.290377 0.053465 0.422783
5.9e+09 -26.650964 -34.362135 0.266731 0.072833
2.7e+09 9.162699 47.891361 0.012826 0.282398
2.1e+09 -33.903558 -34.435296 -0.263341 0.473862
7.2e+09 6.935182 29.715222 -0.190251 0.375014
7.9e+09 -26.770196 -1.835633 0.213579 0.483618
2.3e+09 31.590235 -18.413131 0.461702 -0.072297
7.8e+09 21.574247 -27.497952 -0.324686 -0.083756
6.8e+09 23.867633 -13.591571 0.219071 -0.158436
6.5e+09 37.508480 -22.238276 0.398529 -0.405717
2.5e+09 -13.840094 22.347126 0.391293 -0.182144
4.7e+09 -25.439444 -0.936487 -0.109389 -0.275451
7.6e+09 34.591715 18.918659 0.455662 -0.331021
4.6e+09 -3.447770 -14.894850 -0.046821 0.188585
4.6e+09 -24.774324 -24.377248 -0.238713 0.209096
3.6e+09 4.715121 19.908887 -0.377344 0.112767
3.4e+09 3.152949 47.146453 0.218533 -0.492314
3.6e+09 45.311192 -2.361331 -0.010333 -0.365698
4.6e+09 -24.047359 -12.295538 0.341809 0.130424
6.4e+09 -23.056314 2.089499 0.058792 0.489288
2.4e+09 -29.876619 -2.803640 -0.196134 0.483315
7.4e+09 42.627802 -5.602916 0.289165 -0.191775
3.8e+09 1.013483 6.950107 0.015315 0.277676
4.7e+09 17.552175 4.632534 -0.078897 -0.088238
2.5e+09 -28.953419 -29.652628 -0.148501 -0.245133
3.4e+09 11.298158 0.502483 -0.034208 0.078779
6.7e+09 -22.585842 28.798616 -0.254825 0.070799
2.1e+09 6.600624 47.065047 -0.478691 -0.168660
6.6e+09 3.228722 17.581181 -0.436516 -0.492567
5.9e+09 -23.692598 -14.440358 0.304708 0.072888
7.7e+09 -5.204663 39.377874 0.422232 0.293427
4.3e+09 -43.727053 4.221298 0.235989 -0.295522
6.7e+09 -21.154832 30.866846 -0.498457 0.432624
6.2e+09 -21.138220 8.437895 -0.174310 -0.100039
6.5e+09 1.852791 -6.047037 -0.075755 0.023742
2.5e+09 2.168943 -11.674978 0.237897 0.499800
7.1e+09 -15.107029 -3.334483 0.255395 -0.098968
2.2e+09 -23.009198 -6.869371 -0.388460 -0.315355
4.6e+09 8.901281 32.301575 0.135123 -0.379443
7.1e+09 -2.664103 43.374312 0.386806 0.145925
7.4e+09 14.791975 16.093216 0.037072 0.227246
3.8e+09 -10.556247 -13.884797 -0.263252 0.328633
6.3e+09 -2.508789 20.881247 0.049070 -0.188244
3.3e+09 29.765188 5.488919 0.068171 -0.470762
2.4e+09 -4.898769 34.796296 0.033016 0.299952
4.6e+09 -38.127793 -14.623284 0.378992 0.309751
6.3e+09 39.541222 2.370952 0.279353 0.218451
2.9e+09 -10.641976 15.828155 0.447361 -0.141782
5.4e+09 5.812280 -19.459839 0.430003 -0.332452
5.0e+09 -22.099130 -25.917596 0.096893 0.019393
5.4e+09 -24.329439 -42.822843 -0.272566 0.280897
5.4e+09 -18.596745 -15.435201 -0.064316 0.008457
3.6e+09 -10.476546 27.113247 -0.111981 -0.446983
4.1e+09 24.667255 -31.020235 0.143154 -0.475812
5.2e+09 3.456885 -22.687289 -0.004009 0.135346
5.8e+09 48.957036 0.436215 0.106172 -0.267220
4.8e+09 3.088427 38.787666 0.260495 0.408306
2.7e+09 9.419886 -15.698244 -0.268601 0.116733
5.9e+09 5.053367 -3.399142 -0.083899 0.457520
2.2e+09 -8.810445 13.288652 0.016696 0.379634
5.9e+09 -21.300413 -21.950882 0.063094 -0.021489
2.2e+09 11.963878 -13.967155 0.322797 0.116164
3.7e+09 18.138284 6.728942 -0.270308 -0.312480
2.3e+09 -3.150445 -10.100907 -0.371515 -0.379057
7.2e+09 -7.627951 -16.285299 -0.468313 0.332553
4.7e+09 -42.586889 6.914073 0.033885 0.441451
4.0e+09 -15.979426 -31.470919 0.474508 -0.376460
5.3e+09 -12.327533 -4.794518 0.203900 0.340093
5.9e+09 -17.722815 18.301130 0.027208 0.154249
3.2e+09 -8.125707 -5.481228 0.200000 0.172785
4.1e+09 -3.979648 15.506448 0.413198 0.390233
2.5e+09 24.702328 -5.226895 0.209731 -0.131742
2.8e+09 -35.736744 20.914334 -0.209982 0.471709
7.4e+09 17.800662 25.393417 0.244152 0.484916
3.8e+09 -18.626848 -14.120210 0.165609 0.190347
4.8e+09 26.770714 -9.605786 -0.253490 0.444760
4.8e+09 4.871443 29.767683 -0.166245 0.325431
7.4e+09 2.149647 -40.682743 -0.338693 0.300393
4.0e+09 -11.758120 -18.052372 -0.484434 -0.401189
6.8e+09 -35.289042 23.153060 -0.032462 -0.306263
7.7e+09 6.503807 3.811483 -0.158537 -0.160942
2.4e+09 17.915681 33.530961 0.159198 0.038108
3.6e+09 -32.258925 25.138296 -0.014557 0.484297
4.5e+09 -48.512912 5.664910 0.474101 0.348495
5.6e+09 9.081426 -39.023047 0.455734 0.024504
5.2e+09 -5.509877 -9.385189 0.053090 -0.042438
7.8e+09 6.179619 32.063107 -0.358312 0.022292
4.8e+09 15.934601 2.324217 0.329856 0.475587
3.3e+09 -6.284296 -7.459542 -0.218487 0.126963
2.4e+09 -5.100989 18.365476 0.048135 0.441013
7.5e+09 38.131863 -26.229307 0.363656 0.494755
2.7e+09 -16.728634 -10.344876 -0.032696 0.191125
2.3e+09 19.950220 0.116380 0.334934 -0.034774
5.5e+09 8.191612 18.853257 -0.455427 -0.268524
5.7e+09 -37.454745 -26.268583 0.124867 -0.468333
5.2e+09 0.582311 22.108706 -0.389493 -0.428493
2.8e+09 13.370315 -8.520399 -0.132106 0.100493
3.0e+09 -2.398520 29.192245 0.182345 -0.162821
5.1e+09 15.943823 5.712595 -0.328295 0.318526
6.9e+09 -27.936139 -1.678105 -0.456337 -0.266884
5.1e+09 -18.349432 20.681940 0.036445 0.463149
7.0e+09 -12.475297 29.581480 0.340210 0.099423
4.0e+09 28.673925 -37.917019 -0.111334 -0.028127
4.3e+09 12.899021 8.483725 0.091178 0.026209
2.8e+09 23.533983 -10.670396 -0.295585 0.013483
6.0e+09 -43.182553 14.054743 0.193971 0.269715
3.6e+09 -35.332869 10.815923 -0.492489 -0.126467
5.9e+09 -27.019134 28.430019 -0.369901 0.145885
4.7e+09 -11.433433 41.197884 0.157236 0.439270
2.9e+09 1.198936 6.500535 -0.177979 0.218250
7.7e+09 8.366884 -6.606891 0.408519 0.108704
5.8e+09 13.128685 -34.145689 0.170644 0.269998
4.2e+09 -43.253057 -4.563961 0.208403 -0.300072
2.1e+09 -16.880269 -37.076374 0.427348 0.007820
7.2e+09 -7.320160 17.470599 0.173188 -0.064494
4.1e+09 18.749830 36.004222 0.121263 0.420434
5.6e+09 0.750547 10.869174 0.267563 0.075396
3.2e+09 2.202464 5.927306 0.020422 -0.083941
4.8e+09 -12.006225 41.814066 -0.234151 -0.401989
7.7e+09 -11.170356 8.327106 -0.270768 -0.318277
6.0e+09 0.699218 45.066946 0.067881 -0.472758
4.2e+09 -0.326018 21.896311 -0.494598 0.274293
5.8e+09 0.509825 -25.617163 0.227720 -0.308894
6.1e+09 26.459431 33.425753 0.132517 -0.070804
4.7e+09 -0.453943 -9.454938 0.423775 0.008789
4.9e+09 23.815584 -17.602424 -0.182718 -0.291281
3.6e+09 -35.464018 10.940368 0.088471 0.403357
4.2e+09 -33.272041 4.412656 0.211764 0.233850
7.2e+09 27.952923 -25.401764 -0.310135 0.025066
7.6e+09 0.788469 16.742245 0.093251 -0.001265
2.4e+09 -15.869641 7.734644 -0.115451 0.329531
7.4e+09 16.336308 -0.584570 0.345819 -0.045660
3.8e+09 8.918769 -0.449366 -0.174068 -0.207673
2.3e+09 -4.076348 13.305935 0.424548 -0.467521
2.8e+09 0.495878 7.079542 -0.477304 0.466405
7.2e+09 22.744349 5.046682 0.022024 0.131795
5.1e+09 -14.295989 -2.320075 0.151813 0.471325
2.7e+09 -29.585156 -7.800232 0.327321 0.273211
5.1e+09 40.791236 28.484237 0.432513 0.389901
4.4e+09 -8.573450 -19.088641 0.168476 0.137764
7.3e+09 22.877726 -3.993013 0.452358 0.279886
4.1e+09 10.827953 -4.341512 0.389246 0.294816
3.7e+09 31.752372 3.520899 -0.135887 0.089298
2.5e+09 40.294862 -28.268773 -0.449229 -0.010743
4.7e+09 -12.648889 14.867099 -0.155050 -0.132456
4.5e+09 20.606694 -22.727305 -0.142102 -0.467907
7.5e+09 -20.205614 14.518646 0.132042 -0.458097
5.8e+09 32.793482 -10.587696 0.087804 -0.253540
3.5e+09 21.574022 -11.573897 0.105691 -0.088274
3.7e+09 -44.354015 -16.666212 0.090059 -0.240951
6.5e+09 -5.339337 -21.983460 -0.007795 -0.331742
2.7e+09 -12.139417 -1.269406 0.095905 -0.267059
2.0e+09 16.289465 -30.862762 -0.381362 0.453670
6.7e+09 11.355248 43.925593 0.489338 -0.246892
2.2e+09 -28.076038 29.834210 -0.349034 0.309384
2.4e+09 20.172543 23.406735 -0.066507 -0.278708
5.9e+09 -44.070887 8.578314 -0.198664 -0.159001
7.4e+09 -35.302190 -17.611934 -0.389898 -0.195328
3.4e+09 -5.173187 8.742823 0.471661 -0.064406
6.8e+09 9.175842 -25.306650 -0.101268 0.191489
5.8e+09 2.159457 13.032274 -0.447173 0.418462
6.5e+09 -40.677396 -21.856532 -0.329052 0.355366
6.2e+09 -15.703493 13.442716 0.191217 -0.275219
3.7e+09 -3.112820 -8.008196 0.283431 -0.363105
7.7e+09 21.532078 6.201029 -0.300776 -0.445282
7.7e+09 -29.751448 37.109107 0.161438 0.284184
2.8e+09 -7.440580 5.683739 -0.038741 -0.159822
5.8e+09 -32.287152 -19.473056 -0.447508 -0.073700
2.7e+09 -5.833485 -12.497914 0.413879 0.086174
4.7e+09 -22.179223 22.344950 -0.041561 -0.121462
2.2e+09 27.052447 1.794851 0.384578 -0.468580
4.1e+09 -5.158257 -8.346428 0.096491 -0.379414
7.2e+09 16.486800 -17.523299 -0.415233 -0.391196
7.2e+09 9.195657 -9.526623 -0.094032 0.417693
5.2e+09 -17.482396 -17.486192 0.358998 -0.371233
4.1e+09 -9.891308 14.865742 -0.006957 0.433537
4.8e+09 -7.357138 30.731465 0.266990 -0.071748
4.5e+09 -5.726176 1.584781 0.331702 0.369494
7.4e+09 14.767266 -2.229325 0.272218 -0.128411
7.1e+09 16.341284 43.879449 -0.449320 -0.324418
4.5e+09 -22.720195 -25.903313 -0.062094 -0.345349
6.9e+09 42.279665 -13.726342 -0.124373 -0.242034
3.2e+09 -13.142898 2.736578 0.103267 0.393194
3.4e+09 20.889864 -21.674323 0.077398 0.415551
4.6e+09 20.086151 -37.398606 0.184669 0.308086
5.1e+09 -13.899692 -33.237928 0.035469 0.019392
2.9e+09 -4.872604 -3.298594 0.142888 0.437266
7.1e+09 27.043615 11.557071 0.101264 0.213167
2.7e+09 -23.062185 13.667428 0.016859 0.166339
7.4e+09 7.026002 -16.506576 -0.426550 0.196842
6.5e+09 -37.367736 -12.315224 0.005577 -0.128357
2.3e+09 -7.996767 -41.727449 -0.217428 0.289917
4.8e+09 -2.057147 -17.317446 0.303321 -0.406440
4.9e+09 7.691484 -43.975951 0.158550 0.427683
4.4e+09 -27.605923 -31.430039 0.260452 0.110599
3.5e+09 -32.203742 -20.170620 0.311704 0.287745
6.5e+09 -18.128588 42.453451 0.464282 -0.268827
3.4e+09 -32.776062 -15.372711 -0.228495 -0.035762
3.3e+09 -44.410561 18.254955 -0.352458 0.250634
6.6e+09 10.184162 16.885458 -0.017398 0.069024
6.3e+09 -41.486265 -6.522460 0.495972 -0.178062
3.3e+09 -23.673543 2.087941 -0.418586 -0.378766
8.0e+09 19.376280 1.348435 -0.372073 -0.473570
7.2e+09 20.635376 18.228085 0.030818 0.239750
3.2e+09 11.373067 -6.317298 0.441198 0.291287
5.7e+09 8.476809 28.321391 0.113124 0.400616
2.2e+09 -14.857489 -46.573432 -0.221395 -0.003031
3.9e+09 39.970536 21.197195 -0.408254 -0.122486
6.5e+09 34.641821 3.668455 0.046248 -0.062824
3.1e+09 -36.167859 12.715076 0.498782 -0.476564
6.0e+09 28.290207 -26.617859 -0.123258 0.292994
6.6e+09 -15.101427 -38.951289 0.294163 -0.369462
3.4e+09 22.960055 -41.828943 -0.327560 -0.058911
4.1e+09 -3.873677 -43.743081 -0.151501 -0.083362
5.3e+09 -23.637914 21.128454 0.370778 0.428537
3.2e+09 12.296996 -17.288251 -0.412345 0.296405
3.6e+09 4.137414 -4.986872 -0.031579 0.425203
3.4e+09 5.141218 21.080212 0.186573 -0.013775
6.8e+09 30.808888 -15.080325 -0.284943 -0.094621
5.6e+09 -6.669115 -14.716530 -0.110585 0.248602
4.2e+09 -22.302516 -13.152938 0.201654 0.054142
6.6e+09 -14.398061 -15.506880 -0.226325 -0.356438
3.2e+09 -8.306747 16.121865 -0.256592 0.248568
2.6e+09 -16.910053 -1.021139 -0.290716 -0.126432
4.3e+09 29.196827 -26.327886 0.399684 0.080233
5.9e+09 -13.607990 -24.661297 0.092375 -0.113296
7.6e+09 33.002265 35.729653 0.423792 0.122024
6.6e+09 -41.230765 16.782969 -0.070604 0.492841
7.6e+09 -14.215732 24.869193 0.216710 -0.190009
3.7e+09 -4.031927 -39.097125 -0.102965 -0.321785
6.0e+09 -19.644697 15.540139 -0.293567 0.094561
4.0e+09 -12.525381 12.475213 0.294895 -0.040453
6.6e+09 -25.860234 18.702115 0.050346 0.404877
5.9e+09 -10.772891 -18.601765 -0.026606 -0.406021
4.0e+09 -13.200764 7.011017 -0.312220 0.237621
8.0e+09 -1.048180 38.296356 0.285335 0.271591
4.6e+09 -15.368534 42.608080 0.070183 -0.402146
2.2e+09 -10.167693 -41.636416 -0.194750 -0.377194
5.6e+09 -4.542325 -5.475501 -0.470064 0.386494
2.4e+09 32.444761 -15.814347 0.480758 0.338633
6.8e+09 9.599889 -17.010136 -0.280104 0.376083
7.4e+09 -40.447208 -17.569087 0.304878 0.122652
2.8e+09 -25.323904 13.196900 0.341795 0.053404
4.8e+09 -1.892010 -29.792942 -0.246362 -0.243423
6.4e+09 40.927934 6.309926 0.340987 -0.407714
5.2e+09 -5.353933 1.110111 0.457209 0.197368
6.7e+09 31.893434 26.262880 0.159932 0.312790
2.7e+09 12.115297 15.171436 -0.156448 0.381935
4.6e+09 13.716619 -1.814572 -0.006839 -0.259553
3.0e+09 17.084457 -6.502434 -0.324237 -0.383969
4.7e+09 36.689328 5.128151 -0.082289 -0.055695
3.2e+09 -44.099410 -7.382524 0.056646 -0.183509
4.4e+09 -2.930460 -11.366261 -0.441138 0.456788
5.4e+09 2.446246 -34.843929 0.276900 0.297047
6.5e+09 -23.043133 35.973213 -0.048526 -0.032958
4.0e+09 12.155804 -25.011358 -0.092239 -0.361302
7.5e+09 -9.907456 2.142456 -0.391770 0.050428
2.5e+09 -36.216075 23.294033 -0.009365 0.385895
4.1e+09 -2.082926 25.519699 0.254856 -0.053510
6.3e+09 29.864452 -7.204617 0.321057 -0.041507
7.2e+09 -15.273678 4.505659 -0.440388 0.266201
4.5e+09 -9.206422 -2.205868 0.433395 -0.280620
4.1e+09 25.981573 17.895560 -0.499167 -0.332125
6.8e+09 6.068327 -17.265470 0.385939 -0.190384
4.0e+09 13.952045 26.932964 -0.013232 0.008397
2.2e+09 1.039791 -7.404101 0.159666 -0.312360
7.7e+09 6.399471 7.642483 -0.416776 -0.122563
6.5e+09 34.255108 -5.951752 0.474838 -0.325283
2.1e+09 -31.117740 -20.484653 0.278295 -0.157394
4.3e+09 27.048296 -3.842167 -0.128877 0.305565
3.2e+09 -45.164472 -19.400947 0.433349 0.003215
2.6e+09 41.358951 -16.788467 0.469600 -0.039805
2.9e+09 -32.931054 -0.243544 -0.433034 -0.345870
6.9e+09 18.658742 42.146563 -0.378269 0.047521
7.4e+09 -5.593667 -38.281929 -0.146737 -0.184162
7.9e+09 4.726580 -23.771882 -0.459089 0.378542
2.4e+09 -32.815361 -4.197345 -0.481353 0.293214
4.3e+09 -4.007435 4.424554 -0.320891 -0.156611
4.6e+09 -27.896930 -22.517810 0.180566 0.057730
5.6e+09 -2.586969 -20.718127 0.397570 -0.029378
4.2e+09 25.251639 24.699815 0.169200 0.050534
6.9e+09 -23.135003 18.358202 0.061458 0.423287
5.1e+09 -46.009924 7.490046 -0.379199 -0.210888
2.4e+09 -5.744056 -2.183656 0.350696 -0.106210
4.7e+09 20.794016 -36.576813 0.099057 0.217462
2.9e+09 -5.666748 -27.125905 0.155552 0.165134
7.3e+09 30.145113 -26.168081 0.286799 0.479278
2.4e+09 -29.041839 -11.567758 -0.462835 -0.380488
4.2e+09 -10.855612 -2.795685 0.499371 0.365743
4.6e+09 24.598206 25.635548 -0.164857 -0.499880
4.1e+09 -17.397993 -5.064821 0.253123 -0.454823
2.7e+09 39.595720 20.349362 -0.339697 0.303409
6.6e+09 -4.501626 -8.878089 -0.127912 0.138363
2.6e+09 -26.769077 13.671343 0.057841 -0.215485
3.4e+09 40.245727 -13.796619 -0.494154 -0.120051
5.3e+09 34.096731 -33.916458 0.254104 0.162377
7.1e+09 14.278603 -16.628528 -0.151270 -0.265362
5.6e+09 30.163955 28.152085 -0.464470 -0.355955
6.5e+09 35.031370 26.147333 0.083995 -0.113859
5.0e+09 33.790200 -25.257584 -0.214299 0.109772
3.0e+09 -37.169923 13.792955 -0.208642 0.478479
2.1e+09 -11.755278 23.637043 0.166112 -0.073023
6.4e+09 44.301270 -21.891846 -0.090767 -0.254664
5.7e+09 -14.620318 9.522188 0.447310 0.438059
4.2e+09 -5.526233 0.428613 -0.496926 0.107797
3.0e+09 2.095346 33.742816 -0.050393 0.030359
2.0e+09 -13.824501 20.252823 -0.098755 0.372706
7.5e+09 -4.721640 8.981661 -0.220502 0.344033
2.4e+09 24.542747 15.375678 -0.323141 0.298164
2.2e+09 26.813662 1.732931 0.486709 0.096988
2.6e+09 -18.603233 -20.707116 -0.260795 -0.098748
4.4e+09 -38.652234 26.021647 0.123697 -0.287839
3.5e+09 -34.527776 -30.784580 0.225643 0.020803
6.8e+09 41.811170 27.064180 0.438913 0.477554
7.3e+09 -13.673394 -44.442344 0.230189 0.436577
6.8e+09 -42.145021 -9.172753 0.082263 0.218720
6.2e+09 11.084204 -6.578055 -0.487064 -0.486783
3.0e+09 26.087261 -2.981745 -0.018850 0.426971
2.4e+09 26.427965 -0.515409 0.186535 -0.441440
7.1e+09 1.121884 13.116912 0.292037 -0.111786
3.8e+09 11.537086 -20.728376 -0.396703 -0.487863
7.0e+09 11.786422 1.327907 -0.357916 0.261012
3.0e+09 6.852564 -9.795884 -0.397911 0.447444
4.1e+09 -26.108180 -5.560456 0.440303 -0.213847
7.5e+09 -10.547928 -3.445921 0.339891 0.441458
3.1e+09 28.125775 34.906054 0.259337 0.267964
7.0e+09 36.222120 14.486678 -0.495547 -0.092738
3.0e+09 2.240031 10.208659 0.477629 0.328165
2.5e+09 19.046401 22.338100 0.469191 -0.374026
3.6e+09 -4.133168 7.095352 0.120005 -0.217296
4.7e+09 16.280055 39.777486 0.216872 0.076844
4.2e+09 -13.567116 -25.390186 -0.454218 0.365840
4.6e+09 39.412896 -22.531975 0.133728 -0.491388
2.3e+09 -22.721274 5.976585 -0.050575 0.357448
5.6e+09 11.007235 -44.049624 -0.016859 0.180584
5.9e+09 24.175538 11.413717 -0.094461 0.388159
5.3e+09 14.901143 -28.267418 -0.172743 -0.021193
4.1e+09 17.580951 6.513192 0.070210 0.184439
4.1e+09 -38.991482 14.159650 0.013442 -0.037190
2.8e+09 15.608015 -0.544754 0.062576 -0.086092
3.7e+09 -12.385960 -33.122923 -0.093857 0.456699
4.3e+09 9.526071 13.332246 -0.297927 -0.250248
4.1e+09 -21.816480 -4.032027 -0.452554 0.244894
6.5e+09 27.650980 5.809225 0.014558 -0.135655
5.8e+09 2.282472 10.697634 0.111267 0.104296
3.7e+09 -1.595287 48.275552 0.476340 0.020607
3.9e+09 -0.113279 -8.436219 -0.276465 0.439218
7.2e+09 37.023811 2.060946 0.436608 -0.322106
3.5e+09 -25.884773 -25.337755 0.088905 -0.421690
7.3e+09 -22.255266 -28.106194 0.021525 -0.487517
7.1e+09 34.343961 11.690314 0.106681 0.466645
5.5e+09 42.388715 -9.719880 0.086061 0.383378
6.9e+09 24.131247 -38.327600 0.387574 -0.187064
2.7e+09 -8.665891 28.479995 -0.343378 0.082014
6.6e+09 -26.933258 -24.185693 0.432302 0.258865
2.1e+09 -17.582061 0.418312 -0.020047 -0.183185
7.1e+09 -19.342928 -11.569786 0.035881 -0.424383
6.3e+09 -8.210320 15.254758 -0.449971 0.098887
3.2e+09 29.946974 6.910209 0.164694 -0.083856
4.7e+09 17.251441 10.132260 -0.030306 0.016944
3.6e+09 2.629314 -5.561235 0.159313 0.458687
5.8e+09 21.097048 34.255950 -0.335449 -0.226006
3.1e+09 -21.543584 4.837531 -0.373434 -0.040296
5.6e+09 5.272194 -17.157291 0.494823 0.441166
7.6e+09 6.390020 -2.926420 0.273340 -0.141976
4.7e+09 18.422141 3.021986 -0.254228 0.372393
6.6e+09 24.727179 42.479629 0.071640 -0.130184
5.0e+09 2.058134 48.177428 0.202719 -0.387929
3.2e+09 -21.414290 -35.155189 -0.442344 -0.190841
6.9e+09 -27.686857 16.228139 0.166772 0.199208
3.0e+09 -11.992535 -22.439970 -0.356596 0.034774
5.2e+09 -39.836039 -1.228547 -0.272916 -0.053765
3.4e+09 5.995979 18.448107 0.179448 -0.123700
3.2e+09 27.523543 3.187322 0.022885 0.214442
6.8e+09 -2.291742 10.264749 0.335657 0.259815
7.8e+09 -8.373816 -38.935518 0.324050 0.160433
5.6e+09 4.532186 7.773223 -0.018661 0.394648
2.8e+09 5.241800 0.925535 -0.212179 -0.005207
3.6e+09 24.707551 28.963684 -0.009993 -0.140689
5.1e+09 1.454878 46.955326 -0.232253 -0.329554
5.4e+09 38.767291 1.775776 0.140389 -0.417478
5.3e+09 -36.369152 -9.469439 0.206194 0.134753
2.1e+09 -11.980277 41.760059 0.178792 0.147055
4.3e+09 -11.716780 -14.736706 0.388783 0.390442
3.7e+09 35.758591 -2.414740 -0.354685 0.180789
6.1e+09 18.566607 10.395403 -0.288474 0.359720
6.4e+09 -22.669678 -5.038272 -0.288767 -0.254529
4.0e+09 -5.776060 41.101608 -0.229066 -0.317394
5.5e+09 -14.935063 21.747502 0.384090 -0.149430
2.9e+09 10.316491 10.228040 0.495018 0.040122
3.1e+09 -21.197577 -33.807175 -0.368823 0.379003
5.4e+09 6.008749 18.003628 0.301277 -0.246030
5.3e+09 -36.197242 26.836161 0.283708 -0.220160
2.4e+09 2.787371 -4.561617 0.055774 -0.249440
2.6e+09 -9.683516 18.360659 0.347429 0.053769
7.1e+09 8.223320 -47.107631 0.120766 0.222601
4.7e+09 -12.777864 -5.346215 0.274720 0.194229
4.4e+09 -13.969031 -14.067068 -0.351775 -0.371100
4.3e+09 -18.630711 -2.040989 -0.413553 -0.061630
2.1e+09 1.917111 -10.013515 -0.257854 0.431407
4.8e+09 -4.868313 41.372152 -0.416051 0.236734
6.5e+09 -4.921417 -13.726194 0.213274 -0.020250
3.1e+09 -13.057315 -21.935615 0.423632 -0.083007
3.7e+09 1.156717 14.645845 -0.047280 -0.385438
2.8e+09 -10.893475 -18.284183 -0.117245 -0.228553
4.4e+09 1.290187 15.837000 -0.238301 0.285997
7.4e+09 -15.004010 18.215257 0.266763 -0.422289
3.6e+09 35.657027 -17.582603 0.487646 -0.173005
2.6e+09 -1.787357 -43.741582 0.230020 0.117161
7.0e+09 -7.996602 -8.374926 0.328431 0.150813
5.0e+09 -15.352362 -19.456260 -0.129362 -0.148285
3.9e+09 23.104662 8.483138 0.380846 0.467854
3.1e+09 -5.412553 7.518392 0.162901 -0.156959
4.2e+09 43.924018 -21.927881 -0.061764 0.109313
5.5e+09 -19.780624 -40.949452 -0.010085 -0.418304
4.4e+09 -18.354855 9.288081 -0.477043 0.260885
2.6e+09 4.027615 -4.240678 -0.473485 -0.096064
4.1e+09 -30.430921 -11.137655 0.035178 -0.125478
7.8e+09 21.497689 -30.630957 0.329945 0.121227
6.3e+09 -27.477093 5.204910 -0.003373 -0.209877
6.6e+09 -33.878743 -19.500857 -0.274153 0.268886
5.4e+09 10.042265 -0.624945 0.149158 -0.114303
6.5e+09 13.825990 24.332503 -0.229084 -0.454642
2.1e+09 4.571766 -28.046233 -0.141564 0.393033
6.7e+09 14.048881 44.887049 -0.099570 -0.033693
3.3e+09 5.977898 33.892057 -0.219587 -0.365492
5.3e+09 36.001547 -19.941747 0.304956 -0.219788
2.6e+09 -30.198147 -17.032217 -0.066654 0.428061
6.4e+09 30.803845 35.911030 -0.274619 0.019366
7.2e+09 -4.292333 5.349327 0.422271 0.140608
6.4e+09 24.067595 15.246449 -0.468988 -0.190592
2.7e+09 36.597973 -27.562445 0.246786 -0.481109
4.7e+09 -15.072433 -44.310305 -0.248629 -0.104118
7.4e+09 31.583634 -27.819294 0.258511 -0.195830
6.9e+09 -27.361097 16.616710 0.361195 0.094355
4.4e+09 27.578832 -19.642440 0.038451 -0.265981
2.0e+09 34.126409 16.195699 -0.486431 -0.406384
4.7e+09 10.336100 -33.213187 -0.074037 -0.020342
6.1e+09 -44.679276 3.123805 -0.371938 -0.288407
7.0e+09 -1.462028 -5.021298 0.475988 -0.148768
5.2e+09 -8.010873 34.122829 -0.443312 0.389887
4.7e+09 46.543163 -0.460432 0.273775 0.079201
6.5e+09 2.254824 -13.962435 -0.252207 -0.292971
4.4e+09 -6.778219 -5.869709 -0.493548 0.100541
4.1e+09 -7.819333 13.145180 -0.188965 -0.387159
5.5e+09 26.492973 -20.260263 -0.181713 0.435967
2.2e+09 -36.874838 -14.260325 -0.448475 0.336493
5.5e+09 -7.452873 37.166328 -0.267003 0.433684
7.6e+09 35.752196 33.548293 -0.150036 0.330144
5.5e+09 4.221291 -18.274351 -0.296405 -0.015620
5.1e+09 -4.799681 -19.613989 -0.055442 0.029438
4.7e+09 -36.471219 2.628751 0.093501 -0.185076
3.7e+09 -6.021391 27.408554 0.455621 -0.319585
3.2e+09 22.542941 23.687034 -0.095615 0.333205
7.9e+09 18.979236 -40.687238 -0.224745 0.245312
4.2e+09 30.729172 -29.225578 -0.132047 0.454026
6.6e+09 4.216946 -6.139154 0.184586 -0.037185
4.2e+09 -7.029436 4.330895 0.343340 0.109508
6.0e+09 29.747480 0.675025 -0.482250 -0.253079
3.5e+09 1.410487 -23.185991 -0.118920 0.321403
5.6e+09 26.584777 22.839418 -0.056853 0.408082
2.1e+09 -3.254665 5.613461 0.433956 0.221436
3.5e+09 -21.293431 33.324564 0.457787 0.111574
6.9e+09 16.657333 5.688176 -0.258447 0.128675
6.9e+09 -17.541738 -30.418137 -0.301471 -0.335837
2.6e+09 -0.835953 5.875966 -0.202859 -0.006143
7.3e+09 -13.816802 -30.347428 0.431797 -0.486574
6.4e+09 -2.516678 -16.104948 0.463387 0.464873
7.5e+09 13.649435 -5.289753 0.083068 0.073101
4.9e+09 -4.920994 -3.499653 0.080890 -0.092191
7.6e+09 -10.132115 10.709281 -0.304221 -0.344252
4.0e+09 -8.679128 40.236584 0.274158 -0.355219
7.1e+09 -23.929414 24.385690 -0.207386 -0.323662
4.1e+09 25.859351 21.065318 0.198767 -0.270765
3.0e+09 -5.148647 12.229139 -0.305538 -0.051127
3.8e+09 -4.909217 31.299384 -0.063606 0.047405
6.3e+09 25.436457 -18.716131 -0.482704 0.409574
4.0e+09 22.245128 34.364612 -0.481780 0.283869
7.7e+09 -15.721176 -17.796150 -0.226834 -0.028752
3.4e+09 35.102680 -33.627045 -0.305809 0.179950
3.2e+09 -7.373058 -22.429821 0.085764 -0.067842
6.1e+09 7.560582 13.094610 0.474878 0.170299
7.4e+09 31.684628 -9.193500 0.091095 0.179059
2.9e+09 40.506367 -11.861901 -0.274752 0.395237
7.1e+09 -26.338614 -5.420344 0.497624 0.242618
5.6e+09 -45.553158 10.056574 -0.045065 0.350681
3.0e+09 10.103066 44.183364 0.242695 0.405415
2.3e+09 3.966022 -41.639867 0.072281 0.066056
5.7e+09 -18.027927 31.364907 0.426639 0.447950
3.7e+09 11.054369 27.945106 -0.361395 0.484347
3.7e+09 -2.882432 -6.282633 0.386089 -0.046998
3.8e+09 27.791533 -10.030869 0.057571 -0.131337
2.8e+09 -19.683524 -29.385686 -0.210462 0.150547
2.1e+09 -26.915886 -22.530171 0.043735 -0.039616
4.7e+09 12.195835 44.958917 -0.307759 -0.247801
5.9e+09 -1.587075 12.513779 -0.190270 0.493914
6.1e+09 -14.814635 14.967892 0.049790 -0.335840
7.0e+09 -6.252359 -24.040870 0.466629 0.274200
2.1e+09 4.540496 -22.676554 0.469534 0.301937
7.6e+09 6.536449 39.046823 0.186414 -0.310183
2.4e+09 -24.810308 2.648347 -0.194028 0.289217
7.4e+09 -34.488100 3.407706 -0.230538 0.417261
7.4e+09 6.099716 -4.766301 -0.161087 -0.327840
7.7e+09 -4.898872 28.635100 -0.187873 0.288625
5.8e+09 -23.430873 7.310839 0.020763 0.076581
3.3e+09 -31.836676 18.103152 0.479475 -0.475732
6.4e+09 4.913702 -3.558359 -0.416866 -0.003557
6.1e+09 -37.874486 21.105839 0.167385 0.158439
5.4e+09 -2.323110 5.215199 0.399017 -0.299182
5.6e+09 -18.516270 -45.109060 0.121322 -0.037824
7.8e+09 46.017949 -7.706638 0.451485 0.031048
3.9e+09 -3.238850 12.497696 0.131425 -0.433008
3.6e+09 23.665635 1.332295 0.483810 0.251757
8.0e+09 23.389616 2.857874 0.448515 -0.065711
3.6e+09 6.060944 -3.770094 -0.396431 -0.201891
3.3e+09 26.026991 -21.071223 -0.426757 0.380453
4.9e+09 -21.243112 -16.913385 0.283530 0.222747
8.0e+09 4.883157 21.647703 0.386357 -0.409579
7.7e+09 -5.396112 33.785667 0.313520 -0.231093
7.6e+09 3.065394 -4.283697 -0.011842 0.054938
3.1e+09 -15.904180 -35.802815 0.044727 -0.426498
3.3e+09 12.113723 -0.848986 -0.324376 -0.391827
3.3e+09 -10.207657 36.845330 0.466450 0.358365
6.6e+09 24.810069 -35.890623 -0.357806 -0.273377
5.6e+09 -5.655631 7.201841 -0.465321 0.220927
2.6e+09 41.982814 -25.234535 0.062069 -0.026647
6.2e+09 8.771969 14.423921 -0.420223 -0.311036
4.1e+09 -17.161447 2.169658 -0.414497 -0.463838
3.0e+09 -24.771792 -36.503537 0.208641 0.122696
4.2e+09 38.898832 18.948858 0.352827 -0.380170
3.2e+09 33.444770 10.913410 -0.367771 -0.284223
2.8e+09 -38.129181 -17.310113 0.418211 -0.052366
4.5e+09 -6.258252 7.817985 0.130352 0.488728
3.8e+09 2.030151 -10.128028 0.451081 0.084873
2.7e+09 7.860149 5.790054 -0.271954 0.279649
2.5e+09 -7.190477 -34.133982 -0.088862 -0.121457
3.8e+09 -40.891341 -20.658205 0.352893 -0.232605
3.6e+09 -19.261776 -44.852907 -0.298098 -0.239346
7.5e+09 -30.090457 -10.805385 0.286607 0.418642
5.3e+09 -27.500019 8.974714 0.037711 0.174560
4.4e+09 28.892353 5.001496 0.109239 -0.453704
6.7e+09 21.217094 4.110973 -0.088719 -0.415945
6.7e+09 -4.926520 -4.364550 0.479604 -0.389211
3.7e+09 -1.585069 7.719447 -0.223711 -0.472081
7.1e+09 -9.053785 -3.788029 0.124884 0.310231
2.5e+09 -19.729179 24.081152 0.317723 -0.286065
2.4e+09 19.159222 32.560576 0.107247 0.124086
6.8e+09 -4.816253 -3.295153 -0.106085 -0.480546
5.4e+09 -28.767531 -6.607419 -0.208868 -0.288314
6.4e+09 45.618798 -2.016809 0.068131 0.417490
2.4e+09 11.497319 27.974789 -0.361843 -0.480711
6.2e+09 -38.073096 22.924047 0.324823 -0.441705
4.6e+09 1.460933 -11.301504 -0.251554 0.451738
7.5e+09 -48.361690 -7.703281 0.124206 0.335143
3.8e+09 0.547575 -38.127014 0.027544 0.331859
2.7e+09 -4.224933 47.884330 0.340316 -0.379588
2.0e+09 12.013061 -6.764210 -0.249541 -0.252326
2.3e+09 10.108423 1.065390 -0.362733 0.137894
